sigma: 2.000000
threshold: 0.150000
rhoRes: 0.500000
thetaRes: 1.000000
nLines: 50.000000
