sigma: 3.000000
threshold: 0.500000
rhoRes: 1.000000
thetaRes: 5.000000
nLines: 50.000000
