sigma: 1.000000
threshold: 0.100000
rhoRes: 1.000000
thetaRes: 1.000000
nLines: 50.000000
