sigma: 3.000000
threshold: 0.300000
rhoRes: 5.000000
thetaRes: 5.000000
nLines: 300.000000
