sigma: 2.000000
threshold: 0.030000
rhoRes: 2.000000
thetaRes: 0.034907
nLines: 50.000000
