sigma: 2.000000
threshold: 0.030000
rhoRes: 0.500000
thetaRes: 5.000000
nLines: 300.000000
